#particule X Y Z
0 -1.94346e-05 2.29935e-07 0
1 -207.692 11.3271 0
2 -407.92 8.08889 0


0 -4.37208e-05 1.60946e-06 0
1 -207.306 16.9832 0
2 -407.82 12.1326 0


0 -7.77058e-05 5.05776e-06 0
1 -206.767 22.6289 0
2 -407.679 16.1754 0


0 -0.000121372 1.14929e-05 0
1 -206.074 28.2599 0
2 -407.499 20.2168 0


0 -0.000174695 2.18312e-05 0
1 -205.228 33.872 0
2 -407.278 24.2563 0


0 -0.000237646 3.69865e-05 0
1 -204.229 39.4611 0
2 -407.018 28.2937 0


0 -0.000310188 5.78696e-05 0
1 -203.079 45.023 0
2 -406.717 32.3285 0


0 -0.000392282 8.53876e-05 0
1 -201.778 50.5536 0
2 -406.377 36.3604 0


0 -0.000483878 0.000120443 0
1 -200.326 56.0487 0
2 -405.996 40.3888 0


0 -0.000584924 0.000163934 0
1 -198.726 61.5043 0
2 -405.576 44.4135 0


0 -0.00069536 0.000216752 0
1 -196.977 66.9163 0
2 -405.116 48.434 0


0 -0.000815122 0.000279783 0
1 -195.082 72.2808 0
2 -404.615 52.45 0


0 -0.000944139 0.000353906 0
1 -193.042 77.5936 0
2 -404.075 56.461 0


0 -0.00108233 0.00043999 0
1 -190.858 82.8509 0
2 -403.496 60.4667 0


0 -0.00122963 0.0005389 0
1 -188.531 88.0487 0
2 -402.876 64.4666 0


0 -0.00138593 0.000651488 0
1 -186.064 93.1832 0
2 -402.217 68.4603 0


0 -0.00155114 0.000778597 0
1 -183.458 98.2506 0
2 -401.519 72.4476 0


0 -0.00172517 0.000921063 0
1 -180.716 103.247 0
2 -400.781 76.4279 0


0 -0.00190791 0.00107971 0
1 -177.838 108.169 0
2 -400.003 80.4009 0


0 -0.00209926 0.00125534 0
1 -174.828 113.013 0
2 -399.187 84.3662 0


0 -0.00229909 0.00144876 0
1 -171.688 117.775 0
2 -398.33 88.3234 0


0 -0.00250729 0.00166075 0
1 -168.419 122.451 0
2 -397.435 92.2721 0


0 -0.00272373 0.00189209 0
1 -165.025 127.039 0
2 -396.501 96.212 0


0 -0.00294828 0.00214354 0
1 -161.507 131.534 0
2 -395.527 100.143 0


0 -0.00318081 0.00241583 0
1 -157.869 135.934 0
2 -394.515 104.063 0


0 -0.00342118 0.0027097 0
1 -154.113 140.235 0
2 -393.464 107.974 0


0 -0.00366923 0.00302586 0
1 -150.241 144.435 0
2 -392.374 111.875 0


0 -0.00392483 0.00336501 0
1 -146.258 148.529 0
2 -391.245 115.765 0


0 -0.00418782 0.00372782 0
1 -142.165 152.515 0
2 -390.078 119.643 0


0 -0.00445804 0.00411496 0
1 -137.966 156.391 0
2 -388.873 123.51 0


0 -0.00473533 0.00452707 0
1 -133.664 160.153 0
2 -387.629 127.365 0


0 -0.00501952 0.00496477 0
1 -129.262 163.798 0
2 -386.348 131.208 0


0 -0.00531044 0.00542868 0
1 -124.763 167.324 0
2 -385.028 135.038 0


0 -0.00560793 0.00591938 0
1 -120.172 170.729 0
2 -383.67 138.855 0


0 -0.00591179 0.00643744 0
1 -115.49 174.01 0
2 -382.274 142.658 0


0 -0.00622185 0.0069834 0
1 -110.722 177.164 0
2 -380.841 146.448 0


0 -0.00653794 0.0075578 0
1 -105.871 180.19 0
2 -379.371 150.223 0


0 -0.00685984 0.00816113 0
1 -100.941 183.085 0
2 -377.863 153.984 0


0 -0.00718739 0.00879388 0
1 -95.9348 185.847 0
2 -376.317 157.73 0


0 -0.00752039 0.00945652 0
1 -90.8572 188.475 0
2 -374.735 161.46 0


0 -0.00785863 0.0101495 0
1 -85.7115 190.966 0
2 -373.116 165.175 0


0 -0.00820192 0.0108732 0
1 -80.5015 193.319 0
2 -371.46 168.874 0


0 -0.00855007 0.011628 0
1 -75.231 195.532 0
2 -369.768 172.557 0


0 -0.00890286 0.0124144 0
1 -69.904 197.604 0
2 -368.039 176.222 0


0 -0.0092601 0.0132326 0
1 -64.5244 199.533 0
2 -366.274 179.871 0


0 -0.00962158 0.014083 0
1 -59.0961 201.319 0
2 -364.472 183.502 0


0 -0.00998708 0.0149659 0
1 -53.6231 202.959 0
2 -362.635 187.115 0


0 -0.0103564 0.0158815 0
1 -48.1094 204.454 0
2 -360.762 190.71 0


0 -0.0107293 0.0168302 0
1 -42.559 205.802 0
2 -358.854 194.286 0


0 -0.0111057 0.0178122 0
1 -36.976 207.002 0
2 -356.91 197.844 0


0 -0.0114852 0.0188276 0
1 -31.3645 208.054 0
2 -354.931 201.382 0


0 -0.0118677 0.0198767 0
1 -25.7284 208.956 0
2 -352.918 204.901 0


0 -0.012253 0.0209595 0
1 -20.0719 209.71 0
2 -350.869 208.4 0


0 -0.0126408 0.0220764 0
1 -14.399 210.314 0
2 -348.786 211.878 0


0 -0.0130309 0.0232272 0
1 -8.71389 210.768 0
2 -346.668 215.336 0


0 -0.0134231 0.0244123 0
1 -3.02053 211.073 0
2 -344.517 218.773 0


0 -0.0138173 0.0256316 0
1 2.67699 211.227 0
2 -342.331 222.188 0


0 -0.0142131 0.0268851 0
1 8.37462 211.232 0
2 -340.112 225.582 0


0 -0.0146105 0.0281729 0
1 14.0683 211.087 0
2 -337.859 228.954 0


0 -0.0150091 0.029495 0
1 19.7541 210.794 0
2 -335.573 232.304 0


0 -0.0154087 0.0308513 0
1 25.428 210.351 0
2 -333.254 235.63 0


0 -0.0158092 0.0322419 0
1 31.0859 209.761 0
2 -330.902 238.934 0


0 -0.0162104 0.0336665 0
1 36.7241 209.024 0
2 -328.517 242.215 0


0 -0.0166119 0.0351252 0
1 42.3385 208.14 0
2 -326.1 245.472 0


0 -0.0170137 0.0366179 0
1 47.9253 207.11 0
2 -323.651 248.705 0


0 -0.0174156 0.0381443 0
1 53.4807 205.937 0
2 -321.17 251.914 0


0 -0.0178172 0.0397043 0
1 59.001 204.619 0
2 -318.657 255.098 0


0 -0.0182185 0.0412978 0
1 64.4822 203.16 0
2 -316.113 258.258 0


0 -0.0186192 0.0429245 0
1 69.9208 201.56 0
2 -313.538 261.392 0


0 -0.0190191 0.0445842 0
1 75.3131 199.821 0
2 -310.931 264.501 0


0 -0.019418 0.0462768 0
1 80.6556 197.944 0
2 -308.295 267.583 0


0 -0.0198159 0.0480018 0
1 85.9446 195.93 0
2 -305.627 270.64 0


0 -0.0202123 0.0497591 0
1 91.1768 193.783 0
2 -302.93 273.671 0


0 -0.0206073 0.0515483 0
1 96.3486 191.502 0
2 -300.203 276.674 0


0 -0.0210005 0.0533692 0
1 101.457 189.091 0
2 -297.446 279.651 0


0 -0.0213919 0.0552213 0
1 106.498 186.551 0
2 -294.66 282.6 0


0 -0.0217812 0.0571044 0
1 111.469 183.885 0
2 -291.845 285.522 0


0 -0.0221683 0.0590181 0
1 116.367 181.094 0
2 -289.001 288.416 0


0 -0.022553 0.060962 0
1 121.188 178.18 0
2 -286.129 291.282 0


0 -0.0229351 0.0629356 0
1 125.93 175.147 0
2 -283.228 294.119 0


0 -0.0233145 0.0649387 0
1 130.59 171.996 0
2 -280.3 296.928 0


0 -0.023691 0.0669707 0
1 135.164 168.73 0
2 -277.343 299.708 0


0 -0.0240645 0.0690312 0
1 139.65 165.351 0
2 -274.36 302.458 0


0 -0.0244348 0.0711198 0
1 144.046 161.861 0
2 -271.349 305.179 0


0 -0.0248018 0.0732359 0
1 148.349 158.265 0
2 -268.312 307.87 0


0 -0.0251654 0.0753792 0
1 152.555 154.563 0
2 -265.248 310.531 0


0 -0.0255253 0.077549 0
1 156.664 150.759 0
2 -262.158 313.162 0


0 -0.0258814 0.079745 0
1 160.671 146.856 0
2 -259.043 315.762 0


0 -0.0262337 0.0819665 0
1 164.576 142.857 0
2 -255.901 318.332 0


0 -0.0265821 0.0842131 0
1 168.376 138.764 0
2 -252.735 320.87 0


0 -0.0269263 0.0864842 0
1 172.068 134.58 0
2 -249.543 323.377 0


0 -0.0272662 0.0887793 0
1 175.652 130.309 0
2 -246.327 325.852 0


0 -0.0276018 0.0910979 0
1 179.124 125.953 0
2 -243.087 328.296 0


0 -0.027933 0.0934393 0
1 182.483 121.515 0
2 -239.822 330.708 0


0 -0.0282596 0.095803 0
1 185.727 116.999 0
2 -236.534 333.087 0


0 -0.0285816 0.0981884 0
1 188.855 112.408 0
2 -233.223 335.434 0


0 -0.0288988 0.100595 0
1 191.864 107.744 0
2 -229.889 337.748 0


0 -0.0292111 0.103022 0
1 194.755 103.012 0
2 -226.532 340.029 0


0 -0.0295186 0.105469 0
1 197.524 98.213 0
2 -223.152 342.277 0


0 -0.029821 0.107935 0
1 200.171 93.3519 0
2 -219.751 344.492 0


0 -0.0301183 0.110421 0
1 202.695 88.4314 0
2 -216.328 346.673 0


0 -0.0304105 0.112924 0
1 205.094 83.4548 0
2 -212.883 348.82 0


0 -0.0306975 0.115445 0
1 207.367 78.4252 0
2 -209.418 350.933 0


0 -0.0309791 0.117983 0
1 209.514 73.3461 0
2 -205.932 353.012 0


0 -0.0312554 0.120537 0
1 211.533 68.2206 0
2 -202.425 355.056 0


0 -0.0315263 0.123106 0
1 213.424 63.0521 0
2 -198.899 357.066 0


0 -0.0317917 0.125691 0
1 215.186 57.8438 0
2 -195.353 359.041 0


0 -0.0320516 0.128291 0
1 216.819 52.5991 0
2 -191.788 360.981 0


0 -0.0323059 0.130904 0
1 218.321 47.3212 0
2 -188.204 362.886 0


0 -0.0325546 0.13353 0
1 219.693 42.0134 0
2 -184.601 364.755 0


0 -0.0327977 0.136169 0
1 220.935 36.679 0
2 -180.98 366.589 0


0 -0.0330352 0.13882 0
1 222.045 31.3212 0
2 -177.341 368.387 0


0 -0.0332669 0.141482 0
1 223.023 25.9434 0
2 -173.684 370.149 0


0 -0.033493 0.144155 0
1 223.87 20.5487 0
2 -170.011 371.875 0


0 -0.0337133 0.146838 0
1 224.586 15.1405 0
2 -166.32 373.565 0


0 -0.0339278 0.149531 0
1 225.17 9.72184 0
2 -162.614 375.218 0


0 -0.0341366 0.152232 0
1 225.623 4.29603 0
2 -158.891 376.835 0


0 -0.0343396 0.154942 0
1 225.945 -1.13377 0
2 -155.152 378.415 0


0 -0.0345369 0.157659 0
1 226.136 -6.5644 0
2 -151.398 379.959 0


0 -0.0347283 0.160384 0
1 226.196 -11.9927 0
2 -147.629 381.465 0


0 -0.034914 0.163115 0
1 226.127 -17.4156 0
2 -143.846 382.934 0


0 -0.035094 0.165852 0
1 225.927 -22.83 0
2 -140.048 384.366 0


0 -0.0352681 0.168594 0
1 225.599 -28.2328 0
2 -136.237 385.76 0


0 -0.0354365 0.171341 0
1 225.142 -33.621 0
2 -132.412 387.117 0


0 -0.0355992 0.174093 0
1 224.558 -38.9916 0
2 -128.574 388.436 0


0 -0.0357562 0.176847 0
1 223.847 -44.3416 0
2 -124.723 389.717 0


0 -0.0359075 0.179605 0
1 223.01 -49.6681 0
2 -120.859 390.96 0


0 -0.0360532 0.182366 0
1 222.047 -54.9681 0
2 -116.984 392.166 0


0 -0.0361932 0.185128 0
1 220.961 -60.2389 0
2 -113.098 393.333 0


0 -0.0363276 0.187891 0
1 219.751 -65.4775 0
2 -109.2 394.462 0


0 -0.0364564 0.190656 0
1 218.419 -70.6812 0
2 -105.291 395.552 0


0 -0.0365797 0.19342 0
1 216.966 -75.8473 0
2 -101.371 396.604 0


0 -0.0366976 0.196185 0
1 215.394 -80.9729 0
2 -97.4421 397.617 0


0 -0.03681 0.198948 0
1 213.703 -86.0555 0
2 -93.503 398.592 0


0 -0.036917 0.201711 0
1 211.894 -91.0923 0
2 -89.5547 399.528 0


0 -0.0370186 0.204471 0
1 209.97 -96.0808 0
2 -85.5975 400.425 0


0 -0.037115 0.20723 0
1 207.932 -101.019 0
2 -81.6317 401.283 0


0 -0.0372061 0.209985 0
1 205.78 -105.903 0
2 -77.6578 402.102 0


0 -0.0372921 0.212738 0
1 203.518 -110.731 0
2 -73.6762 402.882 0


0 -0.0373729 0.215487 0
1 201.145 -115.502 0
2 -69.6872 403.623 0


0 -0.0374486 0.218231 0
1 198.664 -120.211 0
2 -65.6912 404.325 0


0 -0.0375194 0.220971 0
1 196.077 -124.858 0
2 -61.6887 404.988 0


0 -0.0375852 0.223706 0
1 193.385 -129.44 0
2 -57.6799 405.611 0


0 -0.0376462 0.226435 0
1 190.589 -133.954 0
2 -53.6654 406.194 0


0 -0.0377023 0.229159 0
1 187.692 -138.398 0
2 -49.6454 406.739 0


0 -0.0377538 0.231876 0
1 184.696 -142.771 0
2 -45.6204 407.244 0


0 -0.0378006 0.234586 0
1 181.602 -147.07 0
2 -41.5908 407.709 0


0 -0.0378428 0.237289 0
1 178.413 -151.293 0
2 -37.557 408.135 0


0 -0.0378805 0.239985 0
1 175.129 -155.438 0
2 -33.5193 408.521 0


0 -0.0379138 0.242673 0
1 171.754 -159.504 0
2 -29.4782 408.867 0


0 -0.0379427 0.245352 0
1 168.289 -163.487 0
2 -25.4341 409.174 0


0 -0.0379674 0.248023 0
1 164.736 -167.388 0
2 -21.3872 409.441 0


0 -0.037988 0.250684 0
1 161.097 -171.203 0
2 -17.3381 409.669 0


0 -0.0380044 0.253336 0
1 157.375 -174.931 0
2 -13.2871 409.856 0


0 -0.0380168 0.255979 0
1 153.572 -178.57 0
2 -9.23468 410.005 0


0 -0.0380254 0.258612 0
1 149.688 -182.119 0
2 -5.18114 410.113 0


0 -0.0380301 0.261234 0
1 145.728 -185.576 0
2 -1.1269 410.182 0


0 -0.038031 0.263845 0
1 141.693 -188.94 0
2 2.92765 410.21 0


0 -0.0380284 0.266446 0
1 137.585 -192.209 0
2 6.9821 410.2 0


0 -0.0380222 0.269035 0
1 133.407 -195.381 0
2 11.0361 410.149 0


0 -0.0380125 0.271613 0
1 129.16 -198.456 0
2 15.0892 410.059 0


0 -0.0379994 0.274179 0
1 124.848 -201.432 0
2 19.141 409.929 0


0 -0.0379832 0.276733 0
1 120.472 -204.308 0
2 23.1912 409.759 0


0 -0.0379637 0.279275 0
1 116.035 -207.083 0
2 27.2393 409.55 0


0 -0.0379412 0.281804 0
1 111.539 -209.755 0
2 31.2849 409.302 0


0 -0.0379157 0.28432 0
1 106.986 -212.323 0
2 35.3278 409.013 0


0 -0.0378873 0.286823 0
1 102.379 -214.786 0
2 39.3674 408.685 0


0 -0.0378562 0.289314 0
1 97.7203 -217.144 0
2 43.4034 408.318 0


0 -0.0378224 0.29179 0
1 93.0122 -219.395 0
2 47.4354 407.911 0


0 -0.037786 0.294254 0
1 88.2573 -221.539 0
2 51.463 407.465 0


0 -0.0377472 0.296703 0
1 83.4578 -223.574 0
2 55.4858 406.98 0


0 -0.037706 0.299139 0
1 78.6163 -225.5 0
2 59.5035 406.455 0


0 -0.0376625 0.30156 0
1 73.7351 -227.316 0
2 63.5156 405.891 0


0 -0.0376169 0.303967 0
1 68.8168 -229.021 0
2 67.5218 405.288 0


0 -0.0375693 0.30636 0
1 63.8637 -230.616 0
2 71.5216 404.645 0


0 -0.0375197 0.308738 0
1 58.8784 -232.098 0
2 75.5148 403.964 0


0 -0.0374682 0.311102 0
1 53.8634 -233.469 0
2 79.5009 403.244 0


0 -0.037415 0.313451 0
1 48.821 -234.726 0
2 83.4794 402.485 0


0 -0.0373602 0.315785 0
1 43.7538 -235.871 0
2 87.4502 401.687 0


0 -0.0373039 0.318104 0
1 38.6643 -236.901 0
2 91.4127 400.85 0


0 -0.0372461 0.320408 0
1 33.555 -237.818 0
2 95.3666 399.975 0


0 -0.037187 0.322697 0
1 28.4283 -238.621 0
2 99.3115 399.062 0


0 -0.0371267 0.32497 0
1 23.2867 -239.31 0
2 103.247 398.11 0


0 -0.0370653 0.327229 0
1 18.1328 -239.883 0
2 107.173 397.119 0


0 -0.0370029 0.329472 0
1 12.9689 -240.343 0
2 111.088 396.091 0


0 -0.0369396 0.3317 0
1 7.79757 -240.687 0
2 114.994 395.024 0


0 -0.0368755 0.333912 0
1 2.62129 -240.917 0
2 118.888 393.919 0


0 -0.0368107 0.33611 0
1 -2.55749 -241.032 0
2 122.771 392.777 0


0 -0.0367453 0.338291 0
1 -7.7363 -241.033 0
2 126.642 391.597 0


0 -0.0366795 0.340458 0
1 -12.9127 -240.919 0
2 130.502 390.379 0


0 -0.0366132 0.342609 0
1 -18.0842 -240.691 0
2 134.349 389.124 0


0 -0.0365468 0.344745 0
1 -23.2484 -240.348 0
2 138.184 387.831 0


0 -0.0364801 0.346865 0
1 -28.4029 -239.892 0
2 142.005 386.501 0


0 -0.0364134 0.34897 0
1 -33.5452 -239.323 0
2 145.813 385.134 0


0 -0.0363467 0.35106 0
1 -38.6729 -238.64 0
2 149.607 383.731 0


0 -0.0362802 0.353135 0
1 -43.7836 -237.845 0
2 153.387 382.29 0


0 -0.0362139 0.355194 0
1 -48.875 -236.938 0
2 157.153 380.813 0


0 -0.0361479 0.357239 0
1 -53.9446 -235.919 0
2 160.903 379.299 0


0 -0.0360824 0.359268 0
1 -58.9902 -234.789 0
2 164.639 377.749 0


0 -0.0360175 0.361283 0
1 -64.0093 -233.548 0
2 168.359 376.163 0


0 -0.0359532 0.363283 0
1 -68.9996 -232.198 0
2 172.063 374.541 0


0 -0.0358896 0.365268 0
1 -73.9588 -230.738 0
2 175.75 372.883 0


0 -0.0358268 0.367239 0
1 -78.8846 -229.17 0
2 179.421 371.189 0


0 -0.035765 0.369195 0
1 -83.7748 -227.495 0
2 183.075 369.46 0


0 -0.0357043 0.371137 0
1 -88.627 -225.713 0
2 186.712 367.695 0


0 -0.0356446 0.373064 0
1 -93.439 -223.825 0
2 190.331 365.896 0


0 -0.0355862 0.374978 0
1 -98.2086 -221.832 0
2 193.933 364.061 0


0 -0.0355291 0.376878 0
1 -102.934 -219.735 0
2 197.515 362.192 0


0 -0.0354734 0.378764 0
1 -107.612 -217.535 0
2 201.08 360.288 0


0 -0.0354192 0.380636 0
1 -112.241 -215.234 0
2 204.625 358.35 0


0 -0.0353666 0.382495 0
1 -116.819 -212.831 0
2 208.151 356.377 0


0 -0.0353156 0.384341 0
1 -121.344 -210.329 0
2 211.657 354.371 0


0 -0.0352665 0.386174 0
1 -125.814 -207.729 0
2 215.143 352.331 0


0 -0.0352191 0.387995 0
1 -130.226 -205.031 0
2 218.609 350.257 0


0 -0.0351738 0.389802 0
1 -134.579 -202.237 0
2 222.055 348.15 0


0 -0.0351304 0.391597 0
1 -138.871 -199.349 0
2 225.479 346.009 0


0 -0.0350892 0.393381 0
1 -143.099 -196.367 0
2 228.882 343.836 0


0 -0.0350501 0.395152 0
1 -147.262 -193.294 0
2 232.264 341.63 0


0 -0.0350133 0.396911 0
1 -151.357 -190.13 0
2 235.624 339.392 0


0 -0.0349789 0.39866 0
1 -155.384 -186.877 0
2 238.961 337.121 0


0 -0.0349469 0.400397 0
1 -159.339 -183.536 0
2 242.276 334.819 0


0 -0.0349173 0.402123 0
1 -163.221 -180.11 0
2 245.568 332.484 0


0 -0.0348904 0.403838 0
1 -167.029 -176.599 0
2 248.837 330.118 0


0 -0.0348661 0.405543 0
1 -170.76 -173.005 0
2 252.083 327.721 0


0 -0.0348446 0.407238 0
1 -174.413 -169.33 0
2 255.305 325.292 0


0 -0.0348258 0.408923 0
1 -177.987 -165.576 0
2 258.503 322.833 0


0 -0.0348099 0.410599 0
1 -181.478 -161.743 0
2 261.677 320.343 0


0 -0.034797 0.412266 0
1 -184.886 -157.835 0
2 264.826 317.822 0


0 -0.034787 0.413923 0
1 -188.21 -153.853 0
2 267.95 315.272 0


0 -0.0347801 0.415572 0
1 -191.447 -149.798 0
2 271.049 312.692 0


0 -0.0347763 0.417213 0
1 -194.596 -145.673 0
2 274.122 310.082 0


0 -0.0347757 0.418846 0
1 -197.656 -141.479 0
2 277.17 307.443 0


0 -0.0347784 0.420471 0
1 -200.625 -137.219 0
2 280.192 304.774 0


0 -0.0347843 0.422089 0
1 -203.501 -132.893 0
2 283.188 302.077 0


0 -0.0347936 0.4237 0
1 -206.284 -128.505 0
2 286.157 299.351 0


0 -0.0348064 0.425304 0
1 -208.972 -124.056 0
2 289.099 296.597 0


0 -0.0348225 0.426903 0
1 -211.564 -119.548 0
2 292.014 293.815 0


0 -0.0348422 0.428495 0
1 -214.058 -114.984 0
2 294.902 291.006 0


0 -0.0348655 0.430082 0
1 -216.453 -110.364 0
2 297.762 288.168 0


0 -0.0348923 0.431663 0
1 -218.748 -105.693 0
2 300.594 285.304 0


0 -0.0349228 0.43324 0
1 -220.942 -100.971 0
2 303.399 282.413 0


0 -0.034957 0.434812 0
1 -223.035 -96.2004 0
2 306.174 279.495 0


0 -0.0349949 0.436381 0
1 -225.024 -91.3841 0
2 308.922 276.551 0


0 -0.0350366 0.437945 0
1 -226.908 -86.524 0
2 311.64 273.58 0


0 -0.0350821 0.439507 0
1 -228.688 -81.6223 0
2 314.329 270.584 0


0 -0.0351314 0.441065 0
1 -230.362 -76.6813 0
2 316.989 267.563 0


0 -0.0351845 0.442621 0
1 -231.929 -71.7032 0
2 319.619 264.516 0


0 -0.0352416 0.444176 0
1 -233.388 -66.6903 0
2 322.22 261.444 0


0 -0.0353026 0.445728 0
1 -234.739 -61.645 0
2 324.79 258.348 0


0 -0.0353675 0.447279 0
1 -235.98 -56.5696 0
2 327.33 255.228 0


0 -0.0354364 0.448829 0
1 -237.112 -51.4664 0
2 329.84 252.083 0


0 -0.0355093 0.450379 0
1 -238.134 -46.3377 0
2 332.319 248.915 0


0 -0.0355862 0.451929 0
1 -239.044 -41.186 0
2 334.767 245.724 0


0 -0.035667 0.453479 0
1 -239.843 -36.0137 0
2 337.184 242.509 0


0 -0.035752 0.45503 0
1 -240.53 -30.823 0
2 339.569 239.272 0


0 -0.0358409 0.456582 0
1 -241.105 -25.6166 0
2 341.923 236.013 0


0 -0.0359339 0.458135 0
1 -241.567 -20.3967 0
2 344.246 232.731 0


0 -0.036031 0.459691 0
1 -241.916 -15.1658 0
2 346.536 229.427 0


0 -0.0361321 0.461249 0
1 -242.152 -9.92641 0
2 348.794 226.102 0


0 -0.0362373 0.46281 0
1 -242.274 -4.68089 0
2 351.019 222.756 0


0 -0.0363465 0.464375 0
1 -242.283 0.568264 0
2 353.212 219.389 0


0 -0.0364597 0.465943 0
1 -242.178 5.8186 0
2 355.373 216.001 0


0 -0.036577 0.467516 0
1 -241.959 11.0677 0
2 357.5 212.594 0


0 -0.0366984 0.469093 0
1 -241.627 16.313 0
2 359.594 209.166 0


0 -0.0368237 0.470675 0
1 -241.181 21.5521 0
2 361.655 205.719 0


0 -0.0369531 0.472262 0
1 -240.621 26.7825 0
2 363.683 202.252 0


0 -0.0370864 0.473856 0
1 -239.948 32.0017 0
2 365.677 198.767 0


0 -0.0372237 0.475456 0
1 -239.162 37.2074 0
2 367.637 195.263 0


0 -0.037365 0.477062 0
1 -238.263 42.3969 0
2 369.563 191.741 0


0 -0.0375102 0.478676 0
1 -237.251 47.5679 0
2 371.455 188.201 0


0 -0.0376592 0.480297 0
1 -236.128 52.7179 0
2 373.312 184.644 0


0 -0.0378121 0.481927 0
1 -234.892 57.8445 0
2 375.135 181.069 0


0 -0.0379689 0.483564 0
1 -233.546 62.9452 0
2 376.924 177.478 0


0 -0.0381294 0.485211 0
1 -232.089 68.0176 0
2 378.677 173.87 0


0 -0.0382938 0.486867 0
1 -230.521 73.0593 0
2 380.396 170.245 0


0 -0.0384618 0.488533 0
1 -228.845 78.0678 0
2 382.08 166.605 0


0 -0.0386335 0.490208 0
1 -227.059 83.0409 0
2 383.729 162.95 0


0 -0.0388088 0.491895 0
1 -225.166 87.976 0
2 385.342 159.279 0


0 -0.0389877 0.493592 0
1 -223.166 92.8708 0
2 386.92 155.593 0


0 -0.0391701 0.4953 0
1 -221.06 97.7231 0
2 388.462 151.893 0


0 -0.039356 0.497021 0
1 -218.848 102.53 0
2 389.968 148.179 0


0 -0.0395454 0.498753 0
1 -216.532 107.29 0
2 391.439 144.451 0


0 -0.0397381 0.500498 0
1 -214.113 112.001 0
2 392.874 140.71 0


0 -0.0399341 0.502255 0
1 -211.591 116.66 0
2 394.273 136.956 0


0 -0.0401333 0.504026 0
1 -208.969 121.264 0
2 395.635 133.189 0


0 -0.0403357 0.505811 0
1 -206.247 125.813 0
2 396.961 129.409 0


0 -0.0405413 0.507609 0
1 -203.426 130.303 0
2 398.251 125.618 0


0 -0.0407498 0.509422 0
1 -200.508 134.732 0
2 399.504 121.815 0


0 -0.0409614 0.51125 0
1 -197.494 139.099 0
2 400.721 118 0


0 -0.0411758 0.513092 0
1 -194.385 143.401 0
2 401.901 114.175 0


0 -0.0413931 0.514951 0
1 -191.183 147.636 0
2 403.045 110.339 0


0 -0.0416131 0.516824 0
1 -187.89 151.802 0
2 404.151 106.493 0


0 -0.0418357 0.518714 0
1 -184.506 155.897 0
2 405.221 102.637 0


0 -0.042061 0.520621 0
1 -181.034 159.919 0
2 406.253 98.7711 0


0 -0.0422887 0.522544 0
1 -177.475 163.866 0
2 407.249 94.8964 0


0 -0.0425188 0.524484 0
1 -173.83 167.736 0
2 408.207 91.0129 0


0 -0.0427513 0.526441 0
1 -170.102 171.528 0
2 409.128 87.1209 0


0 -0.0429859 0.528417 0
1 -166.293 175.239 0
2 410.012 83.2209 0


0 -0.0432228 0.53041 0
1 -162.403 178.868 0
2 410.858 79.3132 0


0 -0.0434616 0.532421 0
1 -158.435 182.413 0
2 411.667 75.3981 0
